166 - [661] .-

6636, 6, 11, 11 62 1461 12
66416 62 6 11 ’
6656 62 11 62
1 3411. 62 1416 14
61 96 112616 62
16 62 11 14
6662 62 1431 62
1111 165 Ι 1-6 14
16 62 1441 12
161 96 1451 11
66116,11,12 62 16,,11-16 12
, 1461,11 11
1611161661 Ammaeum 1. 747⁶, Μ 12
1191 16 11 11.12
1211 12 1466 ’ 14
11 1662 1 11
, 1221 62 ,
3 10 epistula 111 0616616661]
6,11 62 -1566 53
1131 11. 62 1516, 6 41
1 16 16 11
1246 62 16 62
6 16 15216 14
11512-13 14 1616 1111
1261 62 11 62
1,16 11 1531 11
1216 11 . · *sss 266
1616 269 1611 216
1266 416. 1546 11
6 12 1 ‹ 62
, 11 62 11,11 11
12916 62 1561 16
11 11 6 62
11366 62 1-6 ·
1,16 11 1
13116 11 16
1326 - 62 15612
1611 161 15111
1332 62 16
1341, 16, 16 11 1566
1351, 16 11 1154611)
1366 14, 66
1 11 -
1 14
11,16 11
1316 62
1 11
1 62 11
11,16 11 11
16 4111. 1661-6, 11
’ 1366,1,16,1161111 1611,1
1391,6 11 16
11 62 11
11 11 12
16 62 11

 

