47 11.
93
64
139
- 151
138
116. 161 1111
151. 151. 1116 9361
153. 155 1
81 9311
61 8,1·16, 1116
93 11
51 9381, 11
163 1611
151 93911
“” 94111
64 111, 11
56 11
1161111 91111
111 94 1, 11
9161 153. 151 11
1 154 191111
11 156 9131
11 169 1, 1, 1
11 11131) 81 9111
1918361 218 19 (87111)
· 1,1,11,11,11 61 9151 411.
91111, 111 94 1 (111111 81
11 161 1, 11 61
9111 61. 81 11 81
11 61 11 61
11, 16 94 1616 95
9111 61 94611 81
9111 61 11 51. 81
11 52 94715, 411.
11 64 19481111 119
19151 119411) 116 91911 95
11 64 9511 81
91111, 11 94 1,11 61
11 64 9511, 1, 1 61
11 81
1⁶, 91 de Demosthenis dictione liber.
111 1431111) 113 9511 15. 164
9181 41 n. . 9541 161 η

 

