- [111] -

11 18111

11 1111, a, 1, 1

13 11

11 7811

«1711. 7851

13 1ο

16 7861 ,

81 11

11 7877

32 ¹ 1111111111 Ammaeum 11.
11 792111, 111 111
11 19311 145
81 19811 131
81 ,8011 108
81 80311) 151
13 80411 111
11 8053 141 ·
13 8 158
81 8011 163
13 111 155
4711. 80811 148
ἐξ ⁸² 11 Thucydide iudicium.
17 81111 61
11. 13 8111111 90
13 81313 109
81 111 110
1118 8141 81
12 8151 61
12. 82 11, 1111 90
17 1816111 215
111 1811711 212
13 11 ’ 61
17 1 81811 90
81 1 61
11 8 91
104 819111 74
11 1 61
13 11 82
82 , 111 63
11 81011 91
13 1 , 63
11 11011 113
81 11 91
1111. 8111 63
81 nm 91
11 11 81
81 8111 56
11 , 1311 113 “
11 1 41
46 11 63
81 8131 63 ,
11 11111 113
108 18 58133

 

