-- [616] .- 116

6166 18
666 89
1 59
11 68
11 76
61716 78
6, 11 69
11 69
11 69. 69
6183 76
36 89
1 81
6241166 291
’ 625366 78
6 . 51
66, 1366 18
11 76
626166 79
866 89
11 24
16 72.16
11 118
6111 46
1 76
6 56
166 79
6281 82
1 76
366 79
11 69
1666 79
6236,1 76

de 1116616116 iudicium

63616 89

6 81
63116 31. 66

6331 168

13 66

11 88

16 66

6311, 6, 13, 16 66

63536 99

1 66

6 81

16 66

66361 1496116) 136

1,6 66

6386 66

6166 291
11 66
6391,1, 6 66
666 203
61666 292
6161,16, 11, 16 66

6411 69
66 293
1,13,16 69
61166 263
6116,1,1,6,16,13 66
611 296111
6433 99
6, 6,11,16 66
616 294
6441,3,1 66
6161 341198
, 13 611
6451,6 66
6666149416) · 186
11 416.
6463 69
1, 6, 1611 61
6413 61
6 34
16 61
6491 61
6596 61
6616, 6, 16, 16 61
6521 96
1,6,1,6,1,6 61
16 33
6531 61,
1 165
6,16 61
6541(1,3,1,6),6,3 61
6551,1 61
6561,1 61
6 96
1,1 61
166 96
6511 61
6666 294
6 61
6 89 6.7
16 61
6686’,6,16,13,16 61
6591 81
6, 6,6 61
116116 61
6661 62
6166 = 294
1 61
68 293
16 61
6611 62
6166 295
6,6 62
1 81
11 62
66211 62

 

