111 - (111) ..

1100011 190 101911, 111 90
11111 226 111 (1) 98 (231)
100911 65 11 03
11 (98111) , 96 1311 98
1111 110 10301 51
1010111) 65 (191) 1 90
11 03 1 03
111 91 1111 131
10111 91 11, 11 03
1910 239 160 99
1101111 119 10311 66
1 03 1 61
11 65 1111 231
’ 11, 11 (99111) 03 1 51
111311 91 111
10111 65 10311
111 91 13 ·
1011 229 11033311, 1111
11 » 03 1
10151 65. 91 11 (5411)
101011 65 11 ·
1311 91 1111 133
10114 51 11 03
111, 111 91 110351 (56361) 191
101111 91 1111 109
1 ι 03 10361 51
1511 230 1031311, 011 99
1, 1 03 11111 134
11 (5501) 01 111, 11 99
13 65 11038911 234
101311 90 11 03
1 65. 90 11 51
011 96 1311 99
1 65. 03 10391 4111.
11 (0131111) 113 1111 135
14 51 111, 11 99
101111 65 101011, 11 66
11 65. 90 101111 99
10151, 1 03 1111 135
1, 11 65 1101111 135
10211 83 311 99
11 98 236
1311 230 111 99
111 111 110
1 (11011) ,01 11
1 65 99
10101 (1131) 01 99
11 203 110506 (1029111) 231
1 90 11 99
1,11 03 11, 11 100
11 11 1056411 100. 110
11111 230 1 66
11 90 111 100

= 11111 11 11 11
1 11 11111111 66

 

11

