95511
9561
95111
19
11
1111
9581
1, 11
11
9591
1911
11 (5381)
19
9669
9611
1111
1 11)
9
19631111 '
11
961911,11
1111
11111 Ι
9651154911)
1
1
11 151111)
1511
16
966111
1, 11
11 (5991)
11, 11
1191
16
96111

9691116119)
111
1
911

9691

19 18999)

9161 ⁸
1911

911111
Άωφηπή

1911911
1111116)
11

151
9151

11

- [1111 --

65. 83 19151511

91 1916111 1911
65.99 1911111

99 1,1, 1111
95 1111

168 11

51 η.Ι.83 91811,1,111
65 16
83 11
· 9ῑ91
11
1989111
9911
11
11115111
1

1
991111,11
1,11
11
11
9831
11,11
1
11
986911
9911

ι)
1
11
11
11
1993111
111
9911,111
9951
11
11911
9911
19981111
11
9991,11
16691,11
196111
16661
1
16611
1
1 19141)

1,1,11199111) 69
· 111 111
19681, 1 ·
1111
11
1111

 

