10511, 1111
10581, 1, 11
10591

11

11

11

10601
1
111
1 (6281)
8111
(11) 11
111381

111 (598111)

16612
1
1, 1
8
10
11111
18
166211
1,11
12
10631
1
1111
*flu
11
12m
11661611
9
111
16652,1
11 (1801)
16
16666
10
11111
11
16611,1
12
16681
8
10
11

- (111) -

16111
11, 12
111882310
16
181
1612811
11
18
10131, 1 11), 1
11 (86911)
’ 1111
12
10151
18
13
11
10161
811
1111
101111
1611
11
16183
1111
15
161911
10821, 12
1683518369
6
9, 1111
12
11
11
108111
111011
11
15
11688111
2
31
5
’ 1
111
16961,81
12
111
16911,3
115
1511
6
81
169211,1
11693111
81
13

83

66

92

66
161
161

83

83. 101
66

82
161

83
135
198

83

66
161
116
161

81
161

66
1111. 66
161

83
162

66

82

83 ·
162

83
47n.83
66
102
238

11

66
239

66
162

83

83, 162
162
162

66
265

66

18

 

