... [3181 - 145

84 4714 56
85 a* 76. 81
179 4781 58
179-181 1 68
85 6 81
88 18 71
57 4741 84
85 11 86
76 1 76
85 0 58
107 4751 , 6875
88 475188 (1 [4501880 76 1178)
68 3 58
75 88 86
85 11 88
75 4773 46. 58
85 3 57
85 1,8 58
50 3 57
84. 58 11 58
85 11 75
68 14 88 ,
85 4788 50
82 8788 184
85 4788 68. 81
68 888 88
85 10 58
68 4801 4711.
4711. 58. 68 88 86
58 888 76
81 4811 82
56. 81 38 86
85 8 . 68
24 81088 184
181 13 58
70 4823 75
86 81188 86
181 118 · 76
75 4883 8868
86 8 57
84 4841 Ι 56
68 18 77
181 4851 58
68 4 8868. 75
76 488188, 4111 87
80 10 88
86 11 58

· 68 487188 87
71. 86 1 68
68 58, 781 87
86 81188 185
84 11 58
86 4881 68

80 4 75
182-184 48 87

 

