252

8241 (85913)
11788

82513

8263, 13, 13
31731

8283

3
8293
ιι
12
836231
ι
3 (5384), 13, 13
8313
8323

3
8333
3
8343
ιι
8352
3
ιι
13
y 8363
14
15
8312
, 333
13
31333
1233
11
8383
83911
8432
’ 3
ι
ιι
8414 .
ιι,12,14
ιιι

13
8423

13
84312, 13,“ιι
8443, 12, 13

1333
8453

ιι, ιι

13

ιι

ι3
8411, 14
8481

-13361-’

158 3848133
214 3

63 93
63 13
215 8493

63 8567
Ι51. 55. 91 12,14
82 8512

63 “ 333 -
91 3

91 ’ 13
11 8523, ι
82 3
82 11

“ 33 3331

56 2
134 ’ 33, ιιι
152 8553
159 1 3

63 85614, 13
156. 1611113 38553
136153. 163 14
156513 8583
142 3
82 8591

56 11
162 ι3
155 8663

91 4

4113. 63 6
215 8613

91 1, 3

82 1533
156 13 158513)

63 8624
152. 153 86323
159 ι, 3

82, 152 3

51 11

56. 142 8643, 133

63 11

91 8653

63 3
156 313

63 8663

63 13

63 8613

91 13

56 133

63 8581
157 2
153 13
154 ιι

63 12 ,

82 8691 15413)

 

