111 - 11111 -

L. Il 1. 211 p. 11811 131159 111111. 821 p. 211111 148
1111811 142 112111 129
1111811 121139 1112111 165

3311112211 131131 1121111 159
11112211 131 11121111 165
111231 126 1121111 159

391111231 131 - 11121111 121
,111251 131 112181 128
' 111231 128 1121811 156

421 p. 1211 149 8311121811 161
111211 163 11121811 156

5911113611 153
p. 13611 121159 111111911124211 126

6811113611 134 1124211 126
1111311 ·131 1124211 129

611 p. 13111 136 121112444 149118
11113111 152161 3411231111 48
41113111 162 11123114 161113
p. 13111 161 3811129911 142

6211113811 162 3411126111 136
11113811 139 1811128214 139
sp. 1392 132

631111391 125 L.V e. 41113181 112
11113911 156 2614 p. 33211 169

1111114511 131 1113331 156 1
11114311 162 113331 129 ’
p. 14311 131 113331 132
1111461 162 3211133611 131162
11114611 136 1133611 151
p. 14611 139 p. 33611 153

1211114611 143 1133611 121
1114911 136 85 p. 3691 128
11114611 142 p. 3691 155
1114611 121136 p. 3691 131169
3111113 141133 113691 125
p. 1411 116 811136911 131131
p. 14111 142139 881136911 169

111 p. 14111 111 1111111 111
111111 111 1111111111 111

11114111 131133 911 p. 3191 128
1411114111 139 91 1). 31911 139
1114111 142 931131911 131
11114111 136 1931113121 121161
111481 136 113121 135
p. 1481 133 1113121 131169
113121 131155
111118111121311 161 113121 129
1121311 163 19311131211 163
1121311 ,123 11131211 131
11121311 121 1131211 153
112161 154 1111113141 169
1112161 139 1131411153.135.151
112161 156 11131411 131
8211121611 133 1131411 159
11121611 1311164 1131411 169

 

