151 1,

109111
9
1110951111
10962
10
11
19
1111
15
10911
10981
12
10995
11 (11191111)
11100111
1
11
12
11
11011
511
10
11, 11
11
110221
5
1111
13
11031, 2

11111 15151)
’ 1, 1
118
10
111111 1111111)

- [1111 .-

11101
11, 11
1111
11115
1
151
1112511
11131
51
11111
11, 15
111421
11, 11, 12
11 (10111)
11911
11151 (10995)
11110511)
11211, 11511
111
111112
1
1,1
911
111
12
11154111)
11112
5
1
11
11, 11
111189
51
1
1151
111911
11
112111,15
1112211
11
12
11

111611 (598911)

11236
7

11
11211

11251,1,1,11,11

11268
1214582111
112111
1, 11
168
11128111
6

61
83
241
83
61. 83
104
61
61
104
241
83
104

119
101
61
104

243

83

 

