111 -- [111] -

57611 56 59616
“ 11111 182 5971
11 59 1
5773 82 1111
811 , 89 59811
1 ’ 71 3
18 1711. 69 1911 ,
14 34 11
579811 21 60011
583111 18 13
5811,1,5,8,1,11 59 60111
1 69 11
11111 193 11111
5851 59. 71 11
1 69 6031
1 47 1
8 51 6041

13 (51711), 11 81 6 111
051
de Isaeo iudicium g
5861 25 111
3 81 10
1581111 193-198 11, 13
11 77 6071
5881 (5371) 88 3
1 75 608511
81 89 8
5891 69. 75 60811
1111 ’11 6101
13 59 6111, 11
15 75 111111
111
5901
1
11811
10, 11
11511
5911
1
1, 11

591Ξ, 1

15951811
51ἰὲ
12
128
13

 

